31 27 82 50 90 84 45 84 34 37 39 31 70 36 92 32 58 30 10 98
62 87 58 81 43 22 16 2 42 77 63 24 4 44 73 45 27 70 28 60
6 18 42 27 5 86 10 15 15 72 64 28 58 22 9 52 95 24 53 88
52 67 11 7 10 35 51 88 56 30 100 14 100 41 92 4 78 54 70 44
25 34 72 34 7 32 85 53 7 89 40 58 55 2 17 16 88 67 3 44
49 2 57 48 95 100 3 72 53 73 16 77 6 39 10 64 70 46 16 76
86 7 85 92 8 1 7 47 20 10 90 68 63 98 67 57 50 69 29 2
41 96 31 98 34 92 61 55 38 28 30 75 34 66 67 93 67 25 40 38
86 81 5 49 31 71 5 80 39 85 81 32 32 11 81 65 3 94 71 92
21 52 66 7 18 84 99 36 9 90 73 94 71 77 94 1 99 99 32 89
35 12 20 67 75 53 83 29 46 54 20 66 5 37 72 22 73 23 9 33
12 81 78 82 9 72 34 7 70 65 96 4 29 67 22 3 19 5 83 16
58 2 82 14 90 5 88 62 27 96 46 91 77 24 24 85 95 58 44 16
74 91 19 54 9 93 8 80 97 90 95 6 43 28 19 33 33 58 46 11
54 92 53 82 15 77 18 61 86 61 76 11 3 46 65 12 38 72 91 34
